55477322063
93247390340
57702750901
94901999400
64719567037
33083411588
03196681181
75100979674
22456058100
89814404179
24939655822
94222065293
03459128887
07902200670
89157435472
46609239916
87610721093
67304988541
52604406250
52120971692
30633487759
61256411809
89112780251
05762225933
21727669681
07518116294
49526343611
63133574264
52446215483
05401076460
41063341272
06474320133
79440921242
11606440632
56749086136
11810366151
11206857706
96079299429
44292378835
09389382580
55908466417
72548032175
82916434747
47645393815
44255374910
52061987818
66687831984
02634329555
60504869809
46462091878
77672905490
04540624784
49652223000
50010811737
49869628176
51062638328
41367695120
44336672342
14298340058
63778951602
27573469977
90063876302
37689076190
42814371932
71919818812
95142532139
83146409305
83036587942
92824882689
31565289862
43645216472
93249823708
99730292248
41591502845
35752814596
57013027685
83778134248
61440346330
48448077067
56822907203
74793907342
65375858487
09592532389
57161017556
18334053231
85821664195
26342218358
07813276361
90957854595
66502746152
80832404438
35235705904
50217119972
16972531993
01266897682
06780986119
76373909506
77191303590
57797059250
42779511125
47736416222
39960569667
15555112017
42654627314
40138327203
91023627752
99716935269
41068431881
47381370778
70153903538
20677948760
77261400203
74970081026
64174143889
50079163319
05293097342
19221955028
26471554702
99694936713
96958991966
77136747058
31490745416
78105105500
90029122694
11797046497
27137944043
43468976658
48989878691
35194645864
12868931359
29001521860
43258604797
27934454600
05722912301
74014517357
66961031200
87195840590
75351515075
49836700170
81192223500
96116191207
36368416459
61600353550
20589402617
37702304502
65945769509
84816138862
51802128395
38012279363
08040840929
48881324458
61874381674
75141315150
65727488044
72256514552
80559347545
19519157719
62967342041
55853014706
47663505964
55665936235
74267672997
64435397889
46615448629
45124228709
93095364202
57060097406
10051301407
26933787028
82356895027
70497626527
45259693345
85778995601
37299355000
77580899507
42917063084
56112144522
72506098151
97602814061
64338954337
58480524170
65554073280
90936189622
35366426910
81607587742
25835832800
02358403512
25383460969
60121689182
70838326412
02179192789
79156155646
51804440710
54202948939
13865864554
89261411959
53936982325
78861480705
40676932657
90118723715
19044544373
90936610867
39876293710
12200995547
27189081658
02211054846
30526886773
46219899016
88453318220
63161337743
82058803019
87544629163
32086864477
19506800456
30718818431
02809273391
73116009872
98338229083
83096084700
96558106310
17611560476
70902225197
75309042563
13930610019
95852163708
04970822255
25495718003
45875605960
90489554326
71513814176
09082548224
38894361616
45413414331
86542506071
22066544663
11004406584
92847668772
22678288048
47864525300
75487392900
20475569024
40571560113
64909260595
76100688611
81010164570
21139965700
23258314349
26711327519
70228163528
18553655105
03209279977
80814485863
33508144500
40086589474
54436173380
64019398267
18740318940
29568935568
64116837784
42579290222
06597267265
65118493927
38488644361
26353716877
60078561191
01887194401
75471614720
59280019244
80270250794
28983261781
75114597493
59589580467
68299623073
88519067930
58580344972
88651335547
60440292042
76190823521
13570043703
29711580713
22530803730
46703428000
66557500910
86083951348
76305800022
66195104426
91117806570
16730879653
59988794738
16154946007
95363387263
19982966952
27142866071
02540913342
75463776768
89971737744
00277296137
40266833543
73205351495
47540003316
70230662412
56864888606
22030935875
52758243946
75821802598
58960491969
43723025846
00941135993
67469849238
44307212541
99665385500
13204919366
56932289407
61392476755
09090441808
98673720001
97095073201
43112364171
21937378519
58977789818
10879346213
71140402706
43490878930
32907889460
33027496603
64775274309
59439809388
03651878520
86077937487
19301317206
65359116242
94790646424
67777887190
41289364729
77394543030
32612780998
52347401530
25488118918
70249470713
43955866866
66360690403
00624683753
91637268904
64315950254
33145907093
86777782257
07283128328
20301147825
50614036658
38063495500
19327351606
34435396530
80660836025
53752133899
65723802895
68172636032
47868877065
16048303360
63582195708
27911652074
65146645396
63954382040
56862581988
23398367941
47968837545
99282688437
49085204372
51020367261
21507883064
16328321007
42304771807
94856914081
05171144370
27174588913
36933790843
69636883467
71841423149
86431515641
65338729580
87690848907
26609649634
43560491010
12624101772
89133192685
76244921305
34968081600
89779032703
78141994760
70704820439
27237832271
32991767499
21216708665
96211332548
90728774895
01250476062
25196278591
99070136333
73784671977
65504950163
20904318494
91644469480
68594999402
86997179894
36665337952
10896761908
86841079779
42155633050
97771093779
18415010184
65165639690
61859515339
07805298122
83512225772
45942961905
70030442427
78858899202
47304995220
06216411896
38094975334
60649672003
53913745106
33836870584
37692940096
54656262595
47772377452
70720340560
38328947803
53610036893
96964804587
73769597931
10017869633
71985508940
53764169842
90837850924
58660244389
48287361311
01446724565
07465983606
59412157118
84945509930
86181990950
25241699104
28623748492
52760168280
20797451234
19016194860
44023505226
32727250754
70454547757
83565474661
36289213504
78348766430
58928164605
93123812103
91060905329
24676813007
02119275548
10169264050
95677873608
55922367439
10793232791
19886340835
58387825280
54229884346
31854585401
42912524474
71748417835
81894420667
57346251326
94498330870
52230490044
23233555032
24733249055
53791731017
80627711561
85877202014
01517767920
79137624547
92393521208
38126132477
26340625240
96173563177
31549464388
80442724292
93643284268
91307591450
13284949852
12316842321
11634826680
40794400302
01530536316
31647677572
02947040945
99534735019
01482528002
18534321647
70002570327
15964965172
70916394131
22674847654
14984889004
86823634103
54998895206
92535391945
62845462972
60828678073
28305689409
74442373876
40287625966
12366319606
15473683061
78356972388
99964086121
70452185670
27850635540
17898077601
81754012493
30776516108
81139857606
55083394855
22543667423
00590166808
55506547846
60762282290
53806786968
16882548544
99122711570
04705446003
00632966831
54726033824
82484617933
94425738969
67662844390
34912462888
39937881927
07092062837
93947382740
48431017708
83720915794
00076803767
61947540360
27452527631
03107134635
21900075423
48417404813
91544784210
30918804272
77071694680
47509528690
45795947202
17780363767
13633508384
06788001979
25001612500
26601920576
74302078200
41615658360
90283527161
06335100681
61396508104
06006172976
81292926295
63352897689
52885716606
52780750740
77442713190
02061563678
45311093501
97235758252
34788570157
26811960353
80670157759
35989837437
51830545760
06572458288
59143487904
48565082458
52693863805
41198861150
19278124702
63809384518
50673459420
82826046314
19685880867
92476127728
24471095552
86731433900
91304776468
38725666797
63432923813
11583794204
05137627607
25501921502
23011057923
32400778337
22978040327
50085979902
48381294835
01643899899
50556020588
89552130930
01328253929
30807237329
83268992080
01656110733
51494138603
13147934039
05453422874
95873607028
23095244410
99774880102
19420143767
05345037990
40158913841
37806258817
72290874906
63633897208
36878701899
43834077224
25699684042
70470146168
99714929113
77746245544
22307059113
03170694464
35004328404
05094088939
16649667730
73463322960
77384237815
01079891749
47365341505
73956860985
68555377749
25206133868
31600684041
83222644535
94567879821
00099633329
22729620680
95984678306
90306388502
46089699357
59520348611
53562048416
92270911148
49659595158
50140116249
63965023560
25041007446
41718904380
51787851508
27357943348
02969445808
93399498543
76018603292
79214297002
01971453706
07049366820
34827063524
55139997576
42586476085
10257883975
23185190130
06464358332
45097427386
74890800450
75474828136
49674358587
99499317201
64161762461
55136882719
97651754778
24351968060
92582928801
48335591458
20961172673
31477149007
63859164058
89822071981
96620155235
30401886239
68566032071
23298952915
35955227296
85864328146
59962627389
93106316780
95657182480
50729841170
45689798037
57831275584
64017055745
82079752960
36905842303
12685693130
36811090790
61079824006
09884635803
97585588461
29379354517
07509101514
73902936240
04925974211
69646542670
03514012105
24379180000
10774570652
86585215915
99389465265
48584219021
73070602304
58324059946
74687834701
48905211780
27986200316
29280962990
61419562118
35717614489
31435846109
15275695438
72164594827
24384775806
30063625199
05583591595
94391756641
73286318728
54401489306
73148681312
39361579797
21295651661
47580066874
94375106280
68810350553
54845083124
55056834017
38018736090
12809727422
13122577682
97069927231
14754931696
78831286471
25140510103
41941071368
51420896423
76990224169
81209684500
75271495663
19252097848
13626118916
05336743798
92585418049
24580777905
11521892989
32460096780
32842933370
18861763618
55559323918
89129439280
26671495998
75885872619
52755911360
56428836408
36889888928
41863789758
85922477056
66908756793
85901971744
15294234491
05515942418
83145907115
17780749100
58017209010
22785705955
86793797867
92327834520
28671633586
31108794840
18000132486
43046660537
17197421977
92311546724
30667510664
66977311762
26921725740
27702061251
97014846574
33734411530
32334062669
24207029052
11210261847
28040520525
89581138714
74131496135
35143265410
13247153594
16207936957
94147383203
27033465491
08481782629
76725370756
17813151160
71578372933
84593474353
95979318500
41281885223
54830068280
77751932120
95681025748
85344772050
61225344204
87554838440
82689398265
38997738291
06598312361
36858010076
95733099127
68655814660
27496593613
50048085111
96401854340
67641152570
27038602004
96704887296
84431736450
28740606902
51636701663
32564681107
67244716648
58090189806
73365467904
77682460040
41044863374
49778931828
30813996376
00027052141
22921932300
83928238426
44871744493
05739088933
74702557530
35576966775
72234585007
72314361539
79775978459
85541920280
82926475209
66221742455
26359527871
27463251608
56270317606
66957930858
84184187374
03309517349
53192240105
89322496878
60523399502
25200411459
36731906956
04933481580
37649619532
84363783770
50616949707
78819898403
31428722807
38867163418
25663391550
44498575180
93063681601
46417203204
67755071600
26946034406
35247479491
87420295972
29288427309
78259819953
23056984378
75815854689
94391528851
16730026685
29038601735
26223003102
82675527157
59778598720
79533129212
24390676873
15737385817
60570289025
67143270210
82843817617
60597378975
95041382174
56501520479
26558457148
20064698270
64514211389
32465471651
87437447371
27669174463
82838942425
32710820145
89206195573
44063400760
03797995610
90417845510
55921894605
18689385061
88281668350
13571463617
45189450260
47333430006
03264256320
07141545042
77444811946
78291304696
37011774653
50164427465
07278293510
71043961798
63269448805
42626096857
49277746602
66236469652
87111550781
58366526437
04487468590
01849411301
16992239988
65229779071
81539855317
83373526477
88114759615
39783444328
79450933960
62039116664
26251692227
14575928275
97129666900
67569843908
09270233502
26591377140
19184791608
04740580004
22141125022
92506464379
01888137304
30969342314
66367605320
41868334007
74536263403
10482980354
73111746275
24400279367
48124385190
59563260503
77980859120
03525607547
96356759763
18558773505
93114738630
11296342301
46022308224
00877548439
10227726006
99243188461
78065589774
07995186703
04118788756
46192651361
27956270197
85946651056
63955048276
77299189356
93897127857
73783194490
22775589316
95422372271
92822115508
67458401974
76524789440
21720723540
16301024150
85590098505
23143104112
14457939463
82323825542
07406740212
14610114186
53869380373
68527647028
34920352999
17281400055
79345924000
96539943601
34505373347
80208202722
67225520989
77444299668
35883074863
14587758108
84242275579
41523652691
43348754321
10667032720
46380030018
37466017703
10326170200
42092202804
66522901463
35149439401
56122597350
91642718467
46878990564
01607003880
12263973958
49007964763
65602843604
23242857380
21696442370
80951218433
88840385967
40239140370
93337653448
67733300177
36953352892
74236488418
37352983970
07328393270
64612581083
01207904759
45788052718
18756872542
19219479770
87131460257
94140636173
42924229316
41534424377
12078105090
58471626187
17002570994
44667182105
93275993062
61887028447
43106849207
77934549369
86688992604
15710643467
91138203033
09995445514
25235016866
27921102280
31795234504
55863468181
03022462077
07378066052
66912334504
38094763230
93888008697
12859002782
60589264753
67201943138
84354400952
47283719725
88235093359
72387718453
42209567009
82926249705
18736005428
88743162754
33025060077
08503023407
65963121787
46578867708
20513538674
02253824828
37579255057
65777358241
64728061604
31609701674
42215440406
92610103263
64176241888
60507261160
19773926796
37566413848
60615558739
28209204971
87391374148
00804056307
26303256953
11485479401
31890795879
34522942001
66337194853
53216179702
34188395680
25806065642
03602296466
88203106609
91736395599
09558344141
18246459708
33505497568
20935008330
16704431080
33872703803
55086085594
99723130858
56977755393
61676724583
07907394104
86550704405
53762526125
15430571105
57035361030
07592206706
27098387029
41840853263
36132215867
98368196817
41548047589
10238949044
98006164037
97056573606
60715932985
22014052123
89195220143
19415317841
77545305892
21549021621
33086037644
54397821682
28793057725
91346173966
92578199060
08241718454
98024323427
97741293184
47848321142
09747344203
97647514903
33783831008
10469630825
80976967200
50120184788
91089476000
79885084070
36818419771
15862466827
73229195485
64207803815
26276829625
37838235103
74525226803
20860039943
12741966630
35901938593
38163728485
98195026087
48031144206
66577025231
51405919361
65156923070
92387763424
80610228188
56962965729
60577851853
48100389632
97381575523
41221325256
03355411868
60323917526
73131090758
76290135317
67255341209
94673430026
06938404399
63913968920
43895334871
49117030242
46017803492
51465607226
99736738248
82539268986
96308812501
03372694830
04289856020
00768177928
95671539579
29345627510
69189912136
59553342388
18158569633
19701666658
84013841339
95864303755
09116973810
74600845064
43811678728
48441669481
47738431792
41789452112
02545042560
64870557274
53219277667
47116905499
54214031490
08530670310
12527728669
53908623685
41196771251
47776422240
03334061680
72954663634
45509405066
26188708834
98786926632
14716573290
74665761337
34122130042
77510938899
22940511063
87881586320
08824314716
64450982401
05560209287
52762863457
64502567612
91516266242
16708261049
56563099408
51831191636
68270248819
50787497304
24951632462
31467358576
48104681192
15480102001
62031496166
25265304070
59512553686
75972002000
54812995507
70979029147
75424781683
99845021204
88997582801
83241898903
25583016590
13290114813
82590164432
45069680773
21766597831
05251858361
32134716827
12632379679
82822733929
93189861498
75141169820
21382258526
30668522615
40514134461
22742495800
21774322943
15308597430
85222110940
69506587299
89239351078
62537423887
49175829460
33643936052
10599485400
26258582575
03370219611
63449678469
69136859559
69148758396
99786962532
14862382975
21697531849
28790078446
74657700413
98844401827
10536103194
60605609705
69724114082
54917430119
65540552741
80305151975
46445060447
29387456056
25433310345
37427173759
57511833209
17669520701
31598070029
29120177500
19380792808
68970748024
42246074924
50615880886
17955162595
67078849728
05539195639
32822124299
38551126903
45249862608
56068537951
20036031313
34543316096
13340615055
94768903045
67065502481
34682431030
00678526966
91902264614
51122713967
64993003145
50600331040
96756371533
48653118314
89372430080
02585621375
58530039173
04063781186
22735335860
23446553100
29628224522
92078134163
00940643855
65001035210
66446655860
73856018638
95603666374
36841919734
66674190500
88306981642
97143670693
16944810000
72164649664
26280059561
02909360202
23306370550
86210193293
13589194618
41097759300
29042725265
72822300135
32428106279
70934042438
39060923642
22954040106
56764196605
24784810145
66521101803
95058334828
64418759182
41330208390
25720454357
25887570148
98707725108
50708750516
90619130121
21750160137
21598682806
01912669498
20022248030
55710913120
39739326463
80617324409
91852827157
08305994287
25843523624
23604581915
26715595348
28726820153
78025137074
57822859315
60314615601
25852777048
67707997581
04733086490
45741832091
06027650214
63976450294
59708337706
27562717486
19109485198
07112670497
93540462317
08588364751
75556162387
82942796766
36346938355
96433670377
55811029454
68964707559
10891564721
27632364480
52148661787
89570126566
53230640306
86146566535
94379197204
04581311560
58778937779
95731074305
04816665161
35110720690
12943152935
69752115829
56753883118
32935773268
36387767270
97583572630
94167357798
04364376949
46074429502
52498508392
97174738389
25637664609
86850106244
48844195100
17233693730
05157177976
09769061808
93487825090
27029020065
41155756460
10491280017
86304069766
03408329400
07446600098
95385923109
52602878197
62800163232
46732812173
26147669095
39552063000
93846722111
50931959101
61149021659
34410054902
15582034277
42076107746
51014836131
40821473905
61031511474
72009530675
57140155500
34345168163
77239413829
94631790547
72490226959
56957490696
08592166160
55229588802
32967197335
84376508527
26777761110
95838754907
90833925202
47820136391
30992356520
14424957233
76055079178
15510973200
21359080538
89937023572
99987564801
39343239440
37605961693
68706774415
28281557907
44235669907
89804830906
50625579763
15005117300
76458846142
76589817375
22008737357
14633089579
62080896385
22214075208
87432175160
17989634007
75425925999
79083771903
52630064972
56939978470
48930149278
86553563870
07820155221
71255538341
99626839554
59952750625
58969764100
48604531238
05923364921
42324967502
19615510041
72978510510
72101368862
20066974399
79941550301
04122789877
21553615212
66391904430
97491579825
08492907592
17018502900
62148455389
19503062837
59954160060
10808097083
25914493927
88870368025
74400183548
31563109131
17241923880
26090226700
91714672549
15416811005
33281488331
65873086435
35418231863
45027415400
66471349300
14830381493
20780279522
80714345156
56117729430
78679322407
79149664956
19373235109
71821432240
40148320074
89776140238
64907832150
75993757167
74307871006
61892174510
79483552940
84246894885
01995493031
82705092641
37923197997
04405208000
69923264653
05376863395
17665044506
61437589138
28520214398
26526979270
40911270965
99657816726
78378881709
40832809721
08577348814
74627467435
82070449343
74932217587
38067268096
58905460151
51313711209
52390115241
65688182083
54338939877
80844382558
10882158155
28833389901
53249522651
77075109502
78275384281
80072494433
12475236400
77041433285
72158693347
69240686347
61260573761
13628314682
19236775519
83938825081
39672577621
85618538830
90058452281
76243989585
66626980327
25930001200
33815591090
56481220807
04716544001
23552892044
74839466955
16477827590
95290063307
67538912266
29870350631
46468087147
12675587095
77274039113
86457432727
52749659116
75840205346
19400611641
78316037947
42738666841
65986440544
06570277820
26593790257
80116599367
96820557337
56591688331
85641033979
61638992452
64622161311
73112356853
37745951194
04744817602
62013614306
41644182491
62839579359
28779352138
48457714384
51459221400
87668475753
29690713809
64178372114
11501764233
12376584388
96896960680
42665735296
09883048564
05236943000
00932489036
33006948920
66309724819
30605811776
02885960566
28082140909
56664724537
52028982403
36939491740
05276106665
26374510259
57069509545
27052485281
57544268101
87281457715
59893284783
49285848729
76593884014
75974476980
93456970390
18095856002
13151253156
96532723819
91121004806
19522594601
42332944346
22425770852
36368005904
45496492246
40920742394
45489713780
22495099211
07686952525
83170584928
44065011507
19954364889
60168437503
98796587873
51066060207
76617694686
32078796670
40140876200
60280886926
15049116953
22047649226
04051660877
62587252288
94770076924
88398336765
92738712754
13175369758
02183647337
02377828710
04609010283
93304593667
75503913787
58736457108
45142757947
03791947400
50959536418
36717415380
28266523460
22288517522
03869834706
54232767215
73465733401
79482168550
23878593597
91942998627
70104589523
43672980781
61813958068
15065105235
30887220347
79031602302
08942643116
99954528121
31641648902
95521062572
07795172962
37110088286
28480561505
44874078346
35396239654
00755460359
18923749869
90862345936
63134554607
29564299225
10307568210
74590604701
23867343667
85032865648
63781963209
44306820700
81493097210
53284851143
70754298507
09106202454
91586851110
51563638495
93227798450
53193793159
59859283575
79894917968
59841676540
98082663200
98785593273
09401876800
76386030877
44000391020
20593067525
84993737718
79309381159
93167994908
62063772533
70633525715
06560471276
36481708052
86766434155
80692683607
39881953596
84028474205
68499493904
84031819650
47969173659
26275711507
41657444414
96848991813
13149622808
45233838630
16840220613
47501713448
23441676769
55225739296
00146153715
01558044990
17855596992
93859491440
95267434078
05537967634
14868280279
69333790942
04667940450
48473955579
85653754552
39349859718
31124684492
53158542641
70464610745
37933503802
32008062490
97401452804
58700647403
12314303466
93047103160
76532821993
11725278570
50495325589
71241149690
85095468271
44754207416
72855671400
39210641639
83207239900
49674459774
38048767570
71654531995
39675288477
55874346643
63043830962
22298131457
30245373845
80145898660
37206928331
65211977971
04238236980
11815928603
39636825076
97532792994
64575159085
15755027714
13114711898
47154304103
87784532407
97027537753
48642774789
59861734147
80550809171
14971953655
65195316775
03986023879
99151741105
30792969901
92775340105
56224883467
45212639506
62402830611
42258016673
58180491242
95673347570
15543930003
11072903172
35895758401
88872808359
30258985771
59790533284
47503253410
18151364998
41099520266
18019060413
20642075204
90479202281
68066665903
24111722229
00743634683
04503426036
83912099111
62799016294
83767692198
26712313422
48014630378
92225723192
83436312185
83131987375
84426575095
21270339141
36442721230
89027550026
16339575510
89744138688
40622633198
72337664104
04220439668
09835323623
20497922398
37711885636
19067375500
78290094817
37223405350
02320332936
64429206589
81177942259
15309784403
07635704605
62234438209
83211437924
67314003866
60630258805
35324115207
44540183087
15257356759
98182017289
25297190479
77062247758
91647592100
95620898865
58341856301
59459394396
44181339688
29192914160
06653132684
86888839630
26315379125
83205067789
93384675118
87991804640
13408930457
84559995435
92437094962
63830853440
61740685520
92379316970
20637265661
65878984911
00761560289
36509205220
30033046409
57892837051
81104110709
01030735239
31891921380
60412742241
05386029371
50736050809
51841001643
56340252303
25572455423
54154013343
79188884058
08781051743
70716601745
08049540898
42479317412
86347333279
15740235278
36693143008
19323865648
85682212975
30191218685
91764504739
08497919521
36534935872
22003611576
71462214665
75484919304
16763669380
40676621813
87020242847
72237000689
65578735126
26797048435
04165750565
73471621903
81711989614
62364132401
31758184710
67920498597
64051751201
42975670672
54056689660
57240853993
40996909540
42210286611
05229590670
34316907182
43318338109
30295152494
29645770211
55868385241
93803371082
54210563684
39121316279
17891599467
59737422295
14016956803
21756675619
86627473291
23991270803
92915822638
99334348704
33340740054
81027872603
74218359890
88510379653
50454736380
91256922323
86261110298
04520358566
45682782798
27927121049
82424360103
66149406199
81966720556
82681980100
00993722903
48147291388
99557733756
52002484937
42713328101
29056648004
52192642148
40092063578
35516327318
80956701973
67389700483
75787496760
77297112810
77053743071
78197734216
96971402359
21556493479
01919281355
39458827612
55500255746
80963022806
52044436493
77392459090
45043029269
97517202065
02470916003
98213738608
40269863141
88966947875
09813770333
43682661450
91277607230
11715159365
20192691473
39724450597
29912689992
26813985841
07036973587
60938059483
75096963136
06203517488
19106313612
74139704730
71941889107
77522794048
16187628420
85603597372
72304611621
60155815652
90882413090
32809294232
12283487900
18454210784
24722727902
50516726471
11058572717
51466793805
99307323658
25837396110
71520640919
18224262944
25877594478
99664362271
12005404179
13835798731
95639021659
37020644350
05223746899
90298149931
67115331430
11321120524
30583770100
84169698339
98790462424
22369205121
20581400526
80993461905
90594851491
43376766436
63868806920
05946569074
84652852762
15467081462
21328201120
09064970009
09288865306
66040595701
33260972390
68620472488
53727439130
81184578001
31058229508
99360603694
74814780664
47899402093
60424679132
18787156741
06200248958
77035053158
59724082288
88259931028
09882641105
12108150790
62303757100
63258748624
63315082367
82699161373
72399350359
90051603659
90666006911
48917332099
06593347396
41603312897
11359929835
83201506559
12204692549
77226297507
65023853977
71066913722
06673410990
10290999600
08396298181
74402068436
11002594812
63424946141
24655628430
51343745110
54855939846
40894804189
35503761030
81732543895
00336078188
46753222715
78606146692
71706576943
20422593494
59132347154
12123900591
75547258237
49632758218
32307942220
89605351927
44302026308
48875592080
44913466232
65306798128
31680363077
50692774564
47364979808
76458827601
27445891013
88675937067
50798215909
44327134961
81828959529
28684624483
22445361818
62328512771
49439955350
46867871224
34439959938
90795695691
40501014160
15636980302
66674642690
09920512745
01007533021
04649497345
74334358918
98417356606
60755966406
44114645438
27194855003
87836524264
38299865999
98448930975
47225500260
11615742395
89289639318
51183790830
37117439190
03144237299
56828411900
40415185394
53485136018
49435374484
46001915873
00297697528
91191812219
34481359684
45077189706
06680719666
46882469431
63830783302
20358771722
30163256241
28459891488
68318226658
14147457452
02752485859
53850666484
66954504041
23936880646
10925169994
59213784295
48911403725
70143780158
94703606992
25820279107
61485480540
45850058460
80729920585
25086394430
76802106590
81817148494
82783234459
43439048144
83045240909
42775276040
30796017930
83284943536
23878744471
87625358208
56737059210
74980127231
88439653360
01540665089
27415457668
70587249978
39583781533
30140910069
26067245507
61492307831
42044557940
58122992692
91217823182
22614915653
69034201503
47694900628
79461850735
72019785277
27364136878
23712529643
19316077028
20229223109
88573250917
62369191430
74782517904
63130633502
97779665399
97731357309
55079141093
40104434309
02236062940
01018725504
23135045145
33779457920
66421934587
61890834203
83707150607
04897068860
19063688806
79589653030
43837857948
89267716018
13105939814
27146005909
92595809784
56687453920
34748429194
19812377719
30866252363
75709319040
53198543746
72767525428
17542206907
34955414702
84063523373
28588063301
12251437304
62219275795
15360635681
65714369815
35138415077
77776115266
60833532111
61574925113
74066276709
91100648003
29932069078
48545029403
43886502856
75131095590
32622689500
10438079850
23466571316
55705742800
83622282290
04985709328
22435469900
41695113799
58993195420
36575701876
67770215749
42175490599
56475544744
16821199981
88227650953
28432588202
75803267953
41856362299
03701351481
53068569001
84107051765
51431249300
94365829866
31967888574
87160377079
97165574506
45106048311
72218299267
89248726720
37570411277
61916339557
81931480290
05128292410
17092896606
19617742160
08006024553
45345091030
44038011372
08736153605
72423061323
98971655178
60209679999
61359585770
88876112898
87763067632
41546187090
24885397162
03036190317
50450468615
18074834794
79323103420
34484970023
84017044565
74318659100
41506450199
35200504201
09756639920
50709783060
84063354911
80051103591
12465290843
79035103475
73778558439
05726231198
58374076933
67471501553
75781330631
09837947748
99514139518
54328296221
22890011399
33302963807
37342265381
23661384821
63184585905
42504655517
41287934269
76050722951
05459850568
16775994214
93087919225
20604001479
97658040240
64017606300
34036083520
58363465690
85870041155
39753718896
91432706462
61691847445
22100700316
85215688001
55704650570
81006406450
25069579959
51285241673
76714799934
91148043101
91300667273
38653593535
01928037003
96810353801
33688303172
15343989292
89055863505
09109104569
74219690123
41508071322
38123997507
44903509966
69203682341
13940711756
42626334383
17191915900
12297346603
81632875438
72255116103
12124897993
52177939887
71955573913
25950691873
27337798008
69239245707
90751747211
16113867722
15504356555
74971119493
77721728347
80146212983
33624780263
72203427051
67700788561
28393206731
71771095954
97065496767
16608755449
75613478392
29794896039
70548796947
97814092400
68436063260
41877820520
98864311300
17264366677
15658483573
75169020473
33666194656
58348309357
44482512923
29432004767
38105551004
23218216478
93906640043
10515543063
01537697854
88218079246
74062444607
29675817046
56630839951
63699887405
60136620612
04349346589
63962180389
46990672390
61529919606
15865297570
41025948769
87267905137
00130027758
89108903123
11818649330
58381710812
91476420335
73980100014
18517722949
36448303987
46346202430
82298392200
30518413233
01771348607
26544670901
97529675745
77187622201
48018482578
26463662216
31991747870
94467367659
62259431968
76675961829
62279645572
62213636249
74316101900
02218477661
89351507203
69173421650
03268534724
95926003687
06659641700
51458352641
01194990290
62679503953
39784677989
49402954945
52692217640
09013147305
27924710426
11986592979
20763689653
60962598046
80392955997
70872163172
21413602690
73507248611
62604860813
59743178074
96553314314
47147818806
01381859305
77678157819
61139175092
10900660236
68605344601
03099849634
23032505283
84527715178
25650975140
57750592040
80307670210
20001052110
73522441907
84899009739
49184191198
09170712476
60189783770
28919106800
65310377506
26155618801
93916637967
05365706552
35804818350
06760311965
01481871102
67351060320
08233572608
97055499151
81259836355
48307946824
53943657256
92988850160
59441319422
36475908517
32539261337
23011166625
00260939447
91167285301
91649600488
52660582696
72285613172
50782456421
11771136430
82538277680
50483823236
19443899620
41699992070
40342110675
61159888299
40279531770
17296597720
21573896365
86021559800
20244518025
20507181794
93186517400
73102701930
35082795295
80846836831
32428676610
65755815950
48854037907
50999865285
78366773973
78902535169
93516430508
28709367292
62356073930
35650431051
38005170866
36695797706
22591967563
46532542229
25688798076
42145293329
19359153630
17573657536
49129231680
23223046038
57813696352
32015475494
10008676763
99523116053
47546079373
53964506818
59077308202
07547522084
56758218996
68506340977
06291685396
18421455508
50607557460
76076173610
27597269323
55110351570
11947962906
96598764750
11591997100
62358408700
81262726271
25481068966
18454163689
76250390723
83997616566
64981001924
89944380768
80380249740
53725628386
59677646664
62883734941
70608307157
69551880382
63000126708
81620114631
56197735660
08540358697
27874995708
05494820246
14661146492
45477220805
59313679264
63669006478
70344901475
08508024908
62820240992
64236328046
92935223810
57561960050
91995760668
45264951152
68460607232
23497865877
55286770924
40903378604
49019766058
86158612774
25416876131
32327997879
05364340503
00280745486
99592411816
88040912822
20412419424
20853434735
09260005353
51968149651
61931127581
80199931771
53643029209
69087060874
56703833893
40545279909
39723946670
72217988697
37220565356
67219434766
15439791302
65218348600
84672103544
51857355202
10954522826
16042808168
11457147653
86903246070
48488681143
16284051476
84717865324
85180889928
30742101924
97605822529
91119497086
85270747618
64652524900
28418595094
86801541722
96405083659
18914762467
52606711475
98623023994
84233461020
73702861505
39739840698
61095005693
21791764223
98694319683
61558378804
02497867704
31817634895
42061902081
75070287044
37850284402
08662849156
29968913847
64175426027
54089783038
13780017458
06870086117
51668150336
97616179800
30784284601
03020711568
80121278905
77323505968
00563157160
87445080694
94206619891
57768973607
05363848007
92997132002
61942098871
00138161445
95187372238
33709870151
20712882898
91708286608
49787935563
72473577382
26201228993
01853739251
90231103077
68455682353
75964290337
03154596038
95326819490
99074833705
18263530970
22464275174
28709142967
14634953153
48900049801
14607908630
75994112321
82163068650
63566424838
38586916315
64364608700
92576526292
50765431408
67370817890
43922373119
70948376589
32331569444
47699962761
98489030979
72675274429
41258259397
81527361128
26729994304
78442109820
57744872533
26935100402
26630898346
71364690071
08092793808
19487814507
46992732706
54223904744
29552671981
74928549864
72836063351
95356601107
40403650704
22016524650
16150157369
92880164222
70403693896
81642413267
37439347790
56397715183
69920709328
49841042525
04812423686
44868637711
86346464914
67886032438
42618334094
10195262549
94790644723
42695849710
51669676072
09453691070
34809928543
77898652690
39796882167
68500359595
76274354395
05744631607
59839072048
30396971105
71470064880
97884174774
09267439618
32583460625
39963037852
13413687930
18794403503
30872531384
25262143946
65893287657
00819994022
96650934526
54175042547
32188139801
03726277650
76400019359
20671254600
44260163981
64069987827
34597625780
56052559594
69207868423
72035282195
79801200006
42841796248
69790866771
63002028525
91037193750
08472703517
91676607382
26849639919
99136855596
62279236990
14370528518
19125003100
50664827179
56916644338
08825972210
15577365708
80034587900
68483375958
21135403635
14891639997
20570752221
65525867524
73568974584
81550883593
49679120520
08800359191
13228283500
94545816193
04083024534
50731558669
26172835505
10963687573
51389432602
99984244105
44413529308
53669164375
66264528196
88036441306
00294474706
33211826297
30355817896
63693645175
15213806430
71172405557
65110234604
76206236986
73837992675
83243919169
31877653780
27309030702
20613147324
78462734770
23161728734
96765642064
98737038885
44780869900
00213107260
46127799244
78430557628
78579851980
92779616784
84708331703
38808507394
16337946014
32095293029
59064975361
58983589353
19628313290
54025457741
71358192502
15715734703
25590027799
79335130346
22846731985
84280500827
72235324240
56931746030
06839157628
24378925168
56674048267
33004960397
15970189880
16390503458
17187313969
22248520611
12174170604
28261091201
71920690867
01887076204
69870613357
50879608129
78052781566
82583677497
28314504890
60977320235
55502592901
55153368106
49614912685
83328602372
13407544367
25509663251
87174882064
88804539127
22861062746
03506094033
98222143247
20113746180
54060813494
61133823971
72478345366
39383108479
75266337745
12485068631
25371214577
20955438233
57244868650
31777911044
90310395518
76101345548
37578427741
87983975325
52370620919
43365562966
56013197580
72456176278
36716457097
73750100802
92350624625
71545168792
22206961202
50534346626
18262854900
39938769209
85648630492
35621210751
08086310477
14690942587
02862427535
96740440433
73221688440
24469751359
67531665727
29550020037
70466408072
29384707546
29062023479
62373627540
19833277942
74173260806
10858840588
95658396654
49131373798
98875727139
44767374715
91796043230
52542787735
80863855237
03071904045
14946576860
42706574216
20175856532
22171799935
66019727548
66224805911
33015613731
83047392676
32956085638
06959223270
58464658460
32582363308
13956404599
09311215236
00885668111
64216959814
57821492051
20979391555
82466924617
32478519682
38545853068
77734254187
77984568642
87125586643
05093549479
02087182736
46121136243
49525821080
31724504576
82111549193
18235375290
94146852358
64953622006
26860433426
93912816301
86250466738
81666824275
21915694639
82427548880
62951625928
56644681654
89848190503
82664774000
46805346649
67789584642
61891685589
25708759100
48981958904
45328783140
76491827380
24868010816
45460642507
75434712641
49116615506
45755748055
54113743088
82292135698
10898801036
53199146287
20636576027
34003197836
03801016889
64174807809
75213537731
88910045965
20443110700
59259994608
82292347369
61861796137
52513679962
81812422970
12348867400
31412246504
12295863341
33992534863
17634073571
12823301950
31784411230
51066161402
51625774133
28755890598
02990040072
67947654115
94708852606
98055660484
36078530291
00772981523
59105245001
36680609674
61136462970
37531070340
41228370222
79277178043
84395172709
82813856002
95577319234
99277935375
11396515011
81087477166
84678898107
78312378600
76356020806
32504855001
59029541423
50050690035
64585335358
85289706399
81294873300
21848474881
70165406690
92475038764
53678394795
59002763506
88923864099
62133918868
86791665963
75636408609
59444675840
12020671824
20040871703
34924676365
55792387974
34380664910
75269271664
74429039160
82306162212
32157811150
57405666493
01681192853
71689392894
65442709549
50159953855
28019946187
07719308280
93834528625
09188525015
52018563491
19207026449
33734494729
14866744618
53887371526
86884699035
55598119129
84880734616
21398915548
40663921481
02354496362
24581625920
71588119300
02583739700
65723677977
17934581386
79456257460
07688518156
06359578760
33477024419
20162342020
50899529577
70921113749
79022318354
42610372035
29700054250
25155935180
13046174403
65722043834
01747652580
83858594385
61821410424
13322727386
87270643954
16296608411
78813201508
97712562032
63833638753
54126493603
48867555502
09021627728
96672999701
34108035720
20206702752
53463824612
96470999832
18361726993
06043476266
04985207225
30313702284
00937851949
22088100903
07330153109
04697450965
68661144205
52146273437
92780369434
38890960000
78864316183
99051087772
02691643670
33367110965
13745457323
05251508387
76803028801
21721877045
09906940115
77566681117
78876025723
58883799054
69561473194
86038635122
79918658940
51525028600
26469584209
06346288873
59555792062
19711776871
46345349402
64587258172
10955380472
04468491620
76758639924
28413091934
88066822707
08626821000
67275037700
11510786201
76712647096
52877491714
75616040339
19057642433
10997908327
11311350594
87062754196
71367319099
06968480905
14278993048
53421362106
88703689123
65638597042
00124564976
76117460066
89618976912
88236568180
58369810004
26806101640
67292332498
84727287730
79047881605
62060907101
70433005092
73414773856
21525648713
85554875955
11578847680
37091886283
64336000182
12639174029
22309849260
30371256321
86728808892
15196561307
79677166042
31061332950
53845927372
58678517450
87782975409
36744076205
23226004662
15169294549
94068028133
18219189169
04994516359
20578556510
31091075549
46093489000
40510377033
95359276711
74865479880
95214155417
92422476503
21041066481
96991465836
23131714506
65183198446
83840663458
43894576243
36070268075
74250516997
37704356720
66256691059
42664991086
64821548917
54509449852
32676587641
42248590415
86245913845
89166385423
62790606323
27251426951
57590180866
02959483880
23311712897
31470418320
01966825250
42820236197
27470171509
16905076830
72235858546
13992168050
49560878107
32089542632
01189551799
98029990324
54162478007
72730342583
11999319184
73760907970
64959262869
46798022359
13876376815
40739208390
17752486230
62956541773
50237479133
52413047034
40927411890
79218245015
80865210870
99061174945
57269835489
67235724676
32318413649
81496805356
16079140420
51437882269
63965166670
16606409977
25622656885
05669689160
45923135779
48613542425
36787775709
85785723000
91045290491
05787326296
26920284650
99349837021
26344274255
22364710090
37207692838
48470805053
82029347299
28116450719
01724104012
80855166835
07956059941
46695761000
84683957302
65281457411
42738148204
08913612356
66423856168
02463837713
40647334364
87467660308
30745422683
17445929509
36105930089
62612328734
20721854915
08069268999
67505709330
17882553999
53614345408
60719584230
28544325505
70773582401
00196643546
60010070982
75163557041
32462933921
21663791503
34614559549
09539183944
43130449655
63852631696
77593672794
59343657544
38437854903
73472411112
36180320217
36737625835
86081176657
45658293472
68631689360
03111848558
23574057830
94582767303
36633828187
39167254675
16164193184
02954209879
82598449908
76946429044
86717470003
41226022464
04695714035
58598640271
41470096110
29832383340
15583164778
92374914500
57147605144
25811115938
58112763895
55375431173
19609113923
54282771143
02994264161
61353323765
42717533001
45760356062
45283219631
04694239350
95096214397
92990122109
81539288722
49473810865
91330919602
86190725600
00006026800
62808049765
90368153207
45831496201
49052578672
52322007390
69895787340
19473311249
93255635845
86271511309
14621888005
68329273040
76578401458
02461573727
83446653880
72562357558
30823750221
13700419007
26001189188
83339550026
85540136624
55845299152
57338678332
66783071006
03644859221
77174392040
00884150909
82614779083
15709300071
00022748334
51139340549
18001327353
16517674756
87552032804
78594264399
50817778896
49496945880
74284195140
38749553119
12736507789
29649497196
79044629824
45742295510
98336533834
85790409571
29307925828
57746448127
23910941249
97079012333
32626786276
41856849910
76002008055
88585343010
36308700231
66747674685
93185131606
14085626850
96698182060
57547225675
20412774160
96422515901
61364164256
37568984583
52548792897
32448435499
53320738011
57643544042
37905637140
12298415390
42884988483
78457231774
86059311245
26426980846
88724776548
77553911593
78234307460
20499077539
85737871126
58560540750
24575238007
86174010872
40837178070
38854260487
17243898661
33955045307
79020675630
87706470466
98457042637
19746315838
52328988253
88016740235
67855315519
74205177461
08852380604
79012702097
16456798531
30911146865
67454099688
62689318822
81475664257
35661163940
43093005299
77586710392
37750430121
64874781489
95600753225
04155896494
79363914011
54185961448
98632120590
17390543930
23521194990
85923884739
80146674332
23219750753
38789677994
78652189315
85058735563
09951884598
01504309146
33925563350
38735489847
21856088006
45543792050
38104040634
88901740303
80700139079
47521373057
82846323739
57555184087
26626674943
38004348734
75911544784
28739879879
67687017978
67550901317
51282371924
87666431805
45242800496
76076259507
22260142338
39605014807
01448941300
95474463049
01906707979
81835735177
72370377496
44213723402
11022135350
44331975134
21027164900
69264577190
56773077427
19143392660
43506352113
54209020605
85203887799
83268808174
18234210246
23307354647
09031824240
94524846328
69854857239
51743606435
52214953760
51085563650
18734853448
20865071438
46456960509
89454848178
95444875730
16510458608
64666157581
40951023225
60532661591
55401438257
26917691003
91673952100
74229195583
37356962365
94873733499
57302424250
71164196162
05102131206
35922887335
47485157329
02673848827
85639632798
46765949259
72431623637
22327946441
15361939250
50714775991
03418112030
18608965968
64627055153
92715219199
11157635989
36760250249
62660730130
66152874637
81378498232
97421736727
85177776387
48205620296
43478361125
02588321003
58459238830
88424357590
18044963243
48809252250
31655906488
15464492801
25013874149
72429567148
16951821380
89409370078
36996955491
13139537336
73767909189
19597283859
48391656454
99680255506
62418849805
93738251510
33517754820
60808116509
64639121407
93040726030
53186712688
68008323167
66993677300
84013258463
03918392171
05216188436
16043313057
23498547879
52484503229
37564811587
56729141875
60461926415
87249042106
81278323163
52500356205
55987307821
42960746449
00521374901
75287638450
88213358287
88409085526
72147996696
82630317021
45686219923
26380223819
12034146417
07432355339
21006585575
53178887199
06637833568
53444905777
89242406767
07928955415
94586342617
57327802541
84902790637
75123847006
66984526531
54822806758
08095406902
88264697925
76204273418
50150971826
73108870181
98804606266
92865522466
10660623668
89551750195
88623282060
28918396090
02156390223
38520776809
11663283419
48211621053
58033812842
99107095708
01545404399
90076478734
41547847069
52418600459
59414473530
27923710724
94561760962
05843596915
63095873310
33699116557
14047399043
79741627408
02335088645
47442236723
67661953552
07988566962
33021644678
97267602240
60199499071
44543313160
02641678136
64809105679
53035036586
94127636548
96236784523
25987596483
45623597653
36906503219
80748893199
46283927734
15405675830
02959393201
70517531186
19246014863
54562919248
62663814601
13925156534
55180049156
29155732470
19954745092
39425703787
87245804818
61732677646
18877460482
40610744666
74286391230
53811614096
11011053721
16497239383
23746150493
77306640461
43271089876
59561075539
40728920760
82245114990
38299948851
49098092799
40074740873
84454497109
79553866204
43441859600
49921315811
75319191847
14208486660
50959986707
32136341669
67216782682
58569991347
69212415300
82339631947
54808998998
91659489989
16339365116
90928349985
16345901555
04322646980
38973501658
48001960439
98909707917
73804626440
35008599330
75168861652
73218239117
76589311366
39264905278
63766097750
28856169703
74014153487
37448037323
22031075616
38741601491
78682607506
41104702932
86221028663
13196135438
47411551104
93932427475
88707923589
25850714723
38885644414
52046199251
40100290051
63505805599
17682753781
51085275515
48695192326
89807948940
96461618040
47119926772
92893699146
82182648500
69404034851
78438253040
23145808184
12793447250
69708490237
16882620245
34621255169
69060856465
89800033823
06818933203
16597418581
35984554968
80600533107
64653343993
69492718162
89598738108
87412011081
49939628862
43009249969
65628892947
10296940364
68824855504
15423908426
03365190600
77580654229
39006562904
87238104679
07751618370
60550881000
08532069967
40321307100
40636567303
49414374035
49537348318
66348501000
73452125645
40919820000
81147976309
95767766002
83000165541
04060993166
74920706910
77911142831
81676726110
51254621369
61078447675
56110605875
88227658695
17608937149
34094979190
17726012501
81137064889
71114432768
52435479131
21661956106
83858669903
95659400213
57115290997
12530360391
07863399424
55272307364
01057166260
01891633805
92719212830
57229068401
61939292905
10182283577
26185856077
65416683376
64210418927
59415386266
92683763182
92772878880
48584086390
06040690062
61676458417
79868771200
82993905244
86156831070
55979438637
90449951111
28874182546
56722341780
06689118754
68382842437
16362756487
78498299802
45277409629
59501719340
92329890265
32584731703
39660354649
22190844266
12793989142
76498661496
15149584223
87193050958
86647329811
53480436722
86725093906
23759559948
97711612532
40934247137
46715513228
81059853906
02431628981
12566013659
34946490906
70309217717
05882926050
21617386235
08914085414
48719775288
16368981733
87571786584
50020873107
58102391456
42030550400
78130062402
45604408832
43009988923
07931916026
44667572590
78524273836
92840336910
01038850134
90650821742
44093487952
77477727855
08465473684
67886121295
91724736221
43637370778
43961584834
92896037551
66899566605
27713240837
33432084188
35606686201
68749416235
50278447783
81739877004
48393112931
59470606396
76822141804
02699072036
53573178286
30319452123
72509998420
28754927994
72321002301
02928251294
70091209781
01869047389
48538164295
49486898154
75546625899
86730339772
28017221037
38754741394
54466155739
59301021129
36142954433
24699926720
19922377195
31922671606
08634388492
37580046830
00661228487
20799064963
60775829722
41409637433
61402833377
18594851979
19449194149
76411015007
80783990731
32971691500
01377335500
71534064338
86257522846
51308236565
36568334600
54744857868
20188022406
69912774108
36680495300
34512347852
40297667068
44741895904
08284347270
80913679704
15669011465
32641152398
63428255488
23316279407
69485417470
00095785108
30600784240
03536678467
08104546708
22438450169
18980134894
45967971882
88317119890
26759791126
85403503943
58270590649
25209986870
80000382507
66308355224
42259972519
62837866008
28172153384
40702200972
87865989539
65283985423
72245963024
77247776161
78217395292
59171008969
40068257147
64779610087
57107712284
65666422260
98614805284
04281448292
28741340230
44093713120
32590798580
12930014571
82976065896
21063925320
69143812244
02659716323
77137427278
04144913350
61081466057
39956517046
84326739436
20677534361
93800827387
21444699547
75419806843
54084571091
56980569007
97444349029
45031701714
62317097107
70464887623
26558641151
37679231818
00499954807
30608090972
13675300838
39053835270
26078546600
71786928205
49305654991
86455845811
67983492260
88440198094
11850848785
13019456924
63585766234
51096267233
54633646052
98507174329
72726805124
49579595445
98521859937
64790978664
73087114634
12739729375
82408793815
81275879829
70987700600
79295916549
11794654402
83890134440
90016535022
13344380567
51671828755
23698544300
18405958258
24417219508
03142300333
06023426514
88353298686
40131829203
69642722755
45146586004
60224479415
23336155754
63256464289
35261050308
68570260415
88868831538
97804771010
58730283116
61527307670
94933912564
95096170837
92269793595
58846816153
57112461863
73448804312
60284567302
09384242209
03494812373
02977131914
63962550224
31968112472
53473002135
09202426856
65228757058
50396883346
44004245109
70873554817
72289802808
94048782274
57427059646
21437147267
46980746146
29277205768
68765329090
12410363067
04678904476
08594702701
15371302344
28092292108
01498779603
91623106150
99170316775
02892854024
06793601741
63196459381
30129422460
85389981537
16823122838
32856548482
48326009903
03872063103
04667583401
67821453242
51184054592
41074928342
23791426290
70327574135
01272219640
12361219611
69415779837
77824532755
19073781892
24314172630
39765186118
93853936423
91843625881
59740126154
90319866076
12494471516
45543510764
47859662469
94627089597
55020691763
10979728797
91964492840
90391925024
09055658600
21944669671
26246769292
56112885964
85595062681
22457986354
58639110000
40707501342
95738912209
67097002085
49419944930
05192261864
10408254270
73198561078
55585847937
70985515899
65569007105
92705800247
01700090925
34812212154
84330549883
56140661951
41341766462
54099345203
73060834733
73980714187
77239628515
46784835352
82754322949
40804500363
42986256996
66271485790
72247051790
53969170320
19980404531
88683488969
63536294278
40252198590
08703086453
35646060095
10164999655
27124379695
28533583990
77470974504
08878944610
73118199970
28756173113
80292421907
74053077877
16830471257
33283659230
59389424461
13421429006
25376417603
25057462300
67463479668
24073203959
82050565526
36601859737
22590049110
06655552532
46377180233
92795427702
42220087964
68892518305
55061315189
14994390835
74646139618
26202580062
47353964707
44376810614
31748712713
27563079807
01324652489
37276717267
09131251560
71603499970
47070529759
85071033321
11885765185
41001400291
27315629432
23906492036
65328456203
67783089070
89050547907
88474484170
66967967541
71182154905
31054075379
32775917275
87686993442
01071199510
41359759336
95195116016
05962436342
88647372514
30752816705
69301388359
17344732319
93760905862
50854195297
99772848570
09651410981
18517723830
14243885893
90289675243
58806008404
84707556922
76906888889
39872774838
40976235323
83496296577
11180048334
45350948539
39388004108
92944401840
37482240527
52754805800
28281233834
99543098026
62106516665
57488326318
65921606405
74890036105
50834772701
46562178916
67616294464
78271623630
43562818700
78091222661
64691466789
69712721965
74252157994
81159952906
84767885680
88951514706
34378975602
83077802686
70542891964
66293879104
87296757582
64807645447
78585921579
62164929772
23333683229
29302899969
84459363526
70091058635
25295166937
96127748623
27089212580
50544320271
75005171223
02022645723
09824663746
00699156955
40464885817
37470225960
47360873401
25441829702
31981975462
95482800784
45360656603
20359342736
64890921664
74481698403
69431951150
36260035586
42616197413
18254271437
61711767700
94363095628
42078136832
03156232254
55765129951
29204374454
92435224265
07265202686
37552086106
04936399507
41849737959
41961367459
51469025426
14939468542
55720175580
94301337563
89483791510
87920780446
77940886746
81931180733
92543515127
22294051521
33612741250
67539702230
90566976765
10678020965
86684781170
41135248907
07957252800
62602212822
50191460567
32121157344
97962006943
49182793417
64573605304
31032619422
48323470634
59442388878
45187127810
16862528203
72940060835
84100513208
98960907855
66005639749
77640663113
97463217221
25711768700
47976882970
78344670268
61733305637
16688773848
71038676827
58014347633
75872076860
17049731633
05439959173
61047132117
28573670312
35819380142
01167845129
76926191158
43769722078
37114440081
63819068988
49244364298
43095706740
28953856531
01937291804
53783132525
18838643997
36269107849
34257304600
74355591212
36051133461
64009591811
22656844819
18124259100
04389282026
16133149906
24109583209
09463211837
86831058906
72188566084
40736787011
62898838799
96391585180
67980894618
54904128443
65855598357
39483272386
06030030280
09518154155
36980997807
03912989508
78042083912
45055106700
08847878268
65668421449
10532816765
12352328918
63478358604
30206991690
56052782072
56570044770
12634712936
03255981263
88108342678
09548062208
98656536303
67056527728
33899571118
13231370922
36601238546
91616832800
35134021635
21265634211
87367827260
87720122771
95702346017
33053415054
72359612360
72672087113
96986050372
20013555723
30543493300
95829994208
46989936282
92084433614
07413201267
22128828406
99219740680
50281854688
66096964893
33942204312
20161140297
11844042910
66183762970
09612923930
29770414000
25049764459
70497724022
59434246601
36206288749
99612201960
72427537918
40129313343
97938428817
22369136995
94300179506
38235126419
67171418596
70857804367
25567810172
11017896208
09494812700
90689713606
27058148503
20597176205
90336175019
06773913152
13180596155
25683947227
00532109996
21028161506
44836599601
40499859774
18725621750
81488381941
47685974916
85760019694
37991322955
23494481423
29045654857
77542083694
19249466293
20338156178
03634070498
06632041604
91133184464
56520497746
05970074543
55176840502
20972447504
77768536746
15434095120
46187526880
95676252987
09696728530
48671691292
66945414906
01974643190
53085284702
59541997953
92680773454
86023873936
65887720093
25234685659
24979910572
17714699191
65949572360
25502583120
35147367748
62245708334
76379981004
29141534735
82796707423
05698674604
35746863742
55835163991
85579342977
35738425189
83833979500
26024780834
90607707577
00739204106
63013607610
32248798075
13252899736
47108282100
41368276873
30763622320
17561396287
78606521531
36480056779
95630990527
77968976936
58047103547
62385786702
23051278556
51850569916
63486340352
87328705663
78693003739
19345592377
49450557349
89836716297
23311013450
76551960529
56799570864
03822943002
42309603287
96074996709
93616931746
53802564901
59030330163
02542326800
34807719041
27348272479
88571720401
25907571233
63892825670
72204618365
02929968290
80388857757
02079162500
02169412026
51648479650
74954034469
78764738817
11230506780
06814938286
22274058482
76939215247
08249060040
24010243104
69804593688
44863971184
53331028487
75677885436
29429511505
01038332770
75095268256
36079652269
51766759009
10689881851
92936854776
25000573560
48306225635
25681447774
07634394955
68683229920
33770749880
93565459018
32416402641
21445346753
13636056824
10259956350
77104787003
64733683537
09676535680
42229989740
24877783008
72332712321
48050353907
43305441135
80782859739
07980607600
83862139220
02961027500
54422976664
76216006401
15493312727
78597211393
58624897386
31531925618
40613284763
24076860551
92462446303
14553345536
23928108263
39390430100
27426477592
50856443603
72086164424
72997159962
90784228744
91588210154
44721934343
51884893767
11707746605
93211902791
99611732791
06982058395
52070547833
22701769280
13599629307
33259581685
09736138747
13967613909
98935714992
54294276320
70062419790
39849725982
56085105266
11115678833
50505235323
13681544689
24699910998
35364729826
85409552881
18830556360
41821965035
75425046308
76674157902
93228688569
87172072235
71841878812
13249691216
25520896402
49340731751
32153020123
49976162227
89675918454
98410311240
07710340164
92576073131
04698566886
10363342281
43152431597
48075247124
41584650877
05450442866
30290753970
66528852200
86560528103
20005063213
52856130941
72164172590
76196127004
72370788526
58092566194
55490551399
76612325887
67731338231
54026335178
45735255304
75864941697
91029857130
52882929579
24050886308
54987178575
21502841207
68239771750
03146844257
38264136958
12436979464
26961086500
76684792600
77658898694
01352139839
62004133201
12323210360
35795346705
46688051494
73634313102
34396112211
30169546721
28254327688
51335694595
41229825371
23108182838
21009172182
31849066477
53736697503
06172994638
85660386733
72136994158
56468764866
48181117590
68177560905
43127614772
11145606342
26377777027
23169580108
04911510552
24038457281
61719415498
37338128758
78033029633
26572772764
17085500891
22715789653
46087394338
80929528093
03704142506
68613691366
68353282666
53632857547
18887402302
87525384355
89443819333
31521101469
51971515795
58717352827
10776816233
95921597260
01743473249
16915444424
48431478268
19907398063
19848586962
95660717446
21294653903
80689705255
80205504108
23539257748
37909073917
28083975265
96600820373
24431942130
87041600459
17043892678
91711457531
74841361740
66363479533
32253296066
93719331008
38799581736
70257136860
96130131720
96986205759
13502492891
03593548828
96794872536
28108465370
09092579653
27748771642
36119188223
80090942183
31226372511
18957158499
14787555553
58135645864
64951313219
65517418864
59562174999
46837149652
20782839401
93741426431
14777155250
73995462820
39902308406
81990615295
25076036825
42197916203
39234597184
48735923563
46175410718
86584333825
88796206578
17601015408
39731028641
85988472915
33110723166
29850327847
08127517445
42205473204
03616520037
05026870880
28629872470
64277310842
09277235225
14123630553
89222898486
25125370215
44392825124
72387666801
48704653700
91236397339
75870503108
72249835942
06366201153
45536569228
21584881070
06002499300
87839537103
40380592274
48630566213
36652653478
91920865438
20223660698
48726480050
28348035958
75165934276
03461037974
46763692986
55957618810
49692262103
68760252928
80689718152
97329544345
99795165348
84512863729
82790060878
35036197127
61856044505
99365059305
87001777170
45795694070
95141922570
70788430963
80445129697
61764084586
92541637756
30243478798
71179785622
15826021748
69500830922
12295478430
65976037704
90944902774
44366044706
64520534852
76235444389
24925575376
65816083600
56703542570
68194048400
81020786698
00203005570
35160739777
93038950297
05437992203
56800164356
76958851854
45253768726
82468994736
21087924065
75803004510
76905572446
65328292421
27292049117
16520103195
97062626368
51266631780
74580895630
24874968198
95232553631
23147199134
47023872434
92712016718
55615701293
16599144500
86168935398
85015179766
64976884716
35511981443
21295367866
29164548708
56511714446
83217320891
12957651440
77706307891
56503297025
70309727081
52533483958
67193090640
22626793809
90964926920
78766581567
75075728111
04934461507
01886161607
49693335210
15285441889
58665136177
19606799530
58341395584
02459540825
34358777821
15992686045
59699231092
33497712620
50405038305
15024993128
71529687136
97228760310
04929803497
12529272743
00278546803
85117422635
06791865067
72128626064
63599349495
46507127930
32296422608
36216365525
57369845800
99172062487
81489948627
96103135583
31054936463
38064386330
08491412069
05817194171
87745941687
43520923718
00514458674
15559270920
47892631186
33140088051
13103503458
28684894510
85415478680
22426931078
71358167494
81885103948
30156971020
23885352800
41835442978
91043770526
63271914109
32554926298
54032063451
37838441935
02556058110
80354942522
66910345622
22115396707
88262549589
09084979893
48343800257
06821779970
55714568842
18297722791
69263523304
55637394300
85349748530